Enter the number of points:These are the points
X-coordinate	Y-coordinate
1.200000	2.300000
1.500000	2.300000
-1.200000	2.300000
2.200000	-2.334000
2.200000	4.400000
2.200000	33.000000
2.200000	-33.000000
2.200000	2.000000
2.000000	3.000000
2.000000	4.000000
2.000000	5.000000
1.200000	33.000000
-1.000000	4.000000
-2.000000	4.000000
-3.000000	4.000000
These are the points
X-coordinate	Y-coordinate
-3.000000	4.000000
-2.000000	4.000000
-1.200000	2.300000
-1.000000	4.000000
1.200000	2.300000
1.200000	33.000000
1.500000	2.300000
2.000000	3.000000
2.000000	4.000000
2.000000	5.000000
2.200000	-33.000000
2.200000	-2.334000
2.200000	2.000000
2.200000	4.400000
2.200000	33.000000
These are the points
X-coordinate	Y-coordinate
2.200000	-33.000000
2.200000	-2.334000
2.200000	2.000000
-1.200000	2.300000
1.200000	2.300000
1.500000	2.300000
2.000000	3.000000
-3.000000	4.000000
-2.000000	4.000000
-1.000000	4.000000
2.000000	4.000000
2.200000	4.400000
2.000000	5.000000
1.200000	33.000000
2.200000	33.000000


BL_Xmin:	-3.000000	4.000000
BL_Ymin:	2.200000	-33.000000
BR_Xmax:	2.200000	-33.000000
BR_Ymin:	2.200000	-33.000000
TL_Xmin:	-3.000000	4.000000
TL_Ymax:	1.200000	33.000000
TR_Xmax:	2.200000	33.000000
TR_Ymax:	2.200000	33.000000


Stack:
-3.000000	4.000000
2.200000	-33.000000
2.200000	-33.000000
2.200000	33.000000
1.200000	33.000000
2.200000	33.000000
